5000162
5000164
5000166
5000168
5000170
5000172
5000174
5000176
5000178
5000180
1900048
1900049
1900050
1900051
1900052
1900053
1900056
1900064
1900072
6001101
6001102
6001103
6001104
6001106
6001107
6001108
6001001
6001002
6000045
4407005
4407006
4407007
4407008
4407009
4407010
4407011
4407012
4407013
4407014
1001117
1001118
1001119
1701072
1701071
1701030
1701031
1701032
1701033
1701034
1701035
1701036
1701037
1701038
1701039
2101027
1301093
1401044
2002001
2002002
2100034
2100035
2100036
2202031
2300043
2300044
3000030
3000031
3000032
3001071
3001072
3004070
3004071
3004072
3304079
3304080
3304081
3303066
3303067
3303068
3303069
4003033
4005065
4005066
4005067
4005068
4005069
4005070
4401063
4401064
4401065
5000126
5000127
5000128
5035048
5035049
5035050
5054027
5054028
5054029
5064095
5064096
5064097
5075032
5075033
5075034
5075035
5075036
5075037
5075038
5075039
5075040
5075041
5075042
5075043
5075044
5075045
5075046
5075047
5078047
5078048
5078049
1902041
1902042
1902043
1902044
1902045
2501105
2501106
2501107
2500032
2500017
2502005
2502006
2500016
2501001
2500013
2502001
2502002
2500012
2501018
2501019
2500015
2502003
2502004
2500014
2501020
2501021
2500043
2500044
2500052
2501068
2501098
2502025
4200071
4200073
4200075
4200077
4200079
4200081
4200083
4200085
4200087
4200089
4200091
4200093
4200095
4200097
4200099
4200101
4200115
4201015
4201017
4201019
4201021
4201023
4201025
4201027
4201029
4201030
4201031
4201032
4201033
4201034
4201035
4201036
4201037
4201038
4201039
4201040
4201041
4201042
4201043
4201044
2501015
4200053
2500001
2500002
2500003
2500004
2500005
2500006
2500007
2500008
2500009
2500010
2500011
2502009
2502010
2502011
2502012
2502013
2502014
2502015
2502016
2502017
2502018
2501005
2501006
2501007
2501008
2501009
2501010
2501011
2501012
2501013
2501014
2500021
2500022
2501035
2501036
2502029
2502030
4200033
4200034
4200035
4200036
4200037
4200038
4200039
4200040
4200041
4200042
4200103
4200104
4200105
4200106
4200107
4200108
2500018
2500019
2500020
2501002
2501003
2501016
2501017
2502007
2502008
2502021
2502022
2500033
2500034
2500035
2500036
2500037
2500038
2500039
2500040
2500041
2500042
4002057
4002058
4002059
3303075
3304001
3304002
3304004
3304005
3304006
3304007
3304008
3304009
3303001
3303002
3303003
3303004
3303005
3303006
3303007
3303008
3303009
3303010
3303011
3303012
3303013
3303014
3303015
3303016
3303017
3303018
3303019
3303020
3303021
3303022
3303023
1801054
1801055
1801056
1801057
1801058
1801059
1801060
1801061
1801062
1801063
1801064
1801025
1801026
1801027
1801028
1801029
1801030
1801031
1801032
1801033
1801034
1801035
1801036
1801041
1801042
1801043
1801044
1801047
1801020
1201013
1301005
1301068
1301067
1900061
1001120
2201009
1300047
1301004
2200052
2200053
2200054
2200055
2200056
1700054
1300039
1300040
1300041
1300050
1301094
2201002
2201003
2201004
2201005
2201006
2201007
2201008
4101050
2201001
1201065
1201066
1201067
1201068
1300051
1301001
1301002
1301003
1300045