NPC Stickers
7000012
7000013
7000014
7000015
7000016
7000017
7000018
7000019
7000020
7000021
7000022
7000023
7000024
7000025
7000026
7000027
7000028
7000029
7000030
7000031
7000032
7000033
7000034
7000035
7000036
7000037
7000038
7000039
7000040
7000041
7000042
7000043
7000044
7000045
7000046
7000047
7000048
7000049
7000050
7000051
7000052
7000053
7000054
7000055
7000056
7000057
7000058
7000059
7000060
7000061
7000062
7000063
7000064
7000065
7000066
7000067
7000068
7000069
7000070
7000071
7000072
7000073
7000074
7000075
7000076
7000077
7000078
7000079
7000080
7000081
7000082
7000083
7000084
7000085
7000086
7000087
7000088
7000089
7000090
7000091
7000092
7000093
7000094
7000095
7000096
7000097
7000098
7000099
7000100
7000101
7000102
7000103
7000104
7000105
7000106
7000107
7000108
7000109
7000110
7000111
7000112
7000113
7000114
7000115
7000116
7000117
7000118
7000119
7000120
7000121
7000122
7000123
7000124
7000125
7000126
7000127
7000128
7000129
7000130
7000131
7000132
7000133
7000134
7000135
7000136
7000137
7000138
7000139
7000140
7000141
7000142
7000143
7000144
7000145
7000146
7000147
7000148
7000149
7000150
7000151
7000152
7000153
7000154
7000155
7000156
7000157
7000158
7000159
7000160
7000161
7000162
7000163
7000164
7000165
7000166
7000167
7000168
7000169
7000170
7000171
7000172
7000173
7000174
7000175
7000176
7000177
7000178
7000179
7000180
7000181
7000182
7000183
7000184
7000185
7000186
7000187
7000188
7000189
7000190
7000191
7000192
7000193
7000194
7000195
7000196
7000197
7000198
7000199
7000200
7000201
7000202
7000203
7000204
7000205
7000206
7000207
7000208
7000209
7000210
7000211
7000212
7000213
7000214
7000215
7000216
7000217
7000218
7000219
7000220
7000221
7000222
7000223
7000224
7000225
7000226
7000227
7000228
7000229
7000230
7000231
7000232
7000233
7000234
7000235
7000236
7000237
7000238
7000239
7000240
7000241
7000242
7000243
7000244
7000245
7000246
7000247
7000248
7000249
7000250
7000251
7000252
7000253
7000254
7000255
7000256
7000257
7000258
7000259
7000260
7000261
7000262
7000263
7000264
7000265
7000266
7000267
7000268
7000269
7000270
7000271
7000272
7000273
7000274
7000275
7000276
7000277
7000278
7000279
7000280
7000281
7000282
7000283
7000284
7000285
7000286
7000287
7000288
7000289
7000290
7000291
7000292
7000293
7000294
7000295
7000296
7000297
7000298
7000299
7000300
7000301
7000302
7000303
7000304
7000305
7000306
7000307
7000308
7000309
7000310
7000311
7000312
7000313
7000314
7000315
7000316
7000317
7000318
7000319
7000320
7000321
7000322
7000323
7000324
7000325
7000326
7000327
7000328
7000329
7000330
7000331
7000332
7000333
7000334
7000335
7000336
7000337
7000338
7000339
7000340
7000341
7000342
7000343
7000344
7000345
7000346
7000347
7000348
7000349
7000350
7000351
7000352
7000353
7000354
7000355
7000356
7000357
7000358
7000359
7000360
7000361
7000362
7000363
7000364
7000365
7000366
7000367
7000368
7000369
7000370
7000371
7000372
7000373
7000374
7000375
7000376
7000377
7000378
7000379
7000380
7000381
7000382
7000383
7000384
7000385
7000386
7000387
7000388
7000389
7000390
7000391
7000392
7000393
7000394
7000395
7000396
7000397
7000398
7000399
7000400
7000401
7000402
7000403
7000404
7000405
7000406
7000407
7000408
7000409
7000410
7000411
7000412
7000413
7000414
7000415
7000416
7000417
7000418
7000419
7000420
7000421
7000422
7000423
7000424