2101027
1301093
1401044
2002001
2002002
2100034
2100035
2100036
2202031
2300043
2300044
3000030
3000031
3000032
3001071
3001072
3004070
3004071
3004072
3304079
3304080
3304081
3303066
3303067
3303068
3303069
4003033
4005065
4005066
4005067
4005068
4005069
4005070
4401063
4401064
4401065
5000126
5000127
5000128
5035048
5035049
5035050
5054027
5054028
5054029
5064095
5064096
5064097
5075032
5075033
5075034
5075035
5075036
5075037
5075038
5075039
5075040
5075041
5075042
5075043
5075044
5075045
5075046
5075047
5078047
5078048
5078049
1902041
1902042
1902043
1902044
1902045
2501105
2501106
2501107