Other Stickers
5000002
5000003
5000004
5000005
5000006
5000007
5000008
5000009
5000010
5000011
5000012
5000013
5000014
5000015
5000016
5000017
5000018
5000019
5000020
5000021
5000022
5000023
5000024
5000025
5000026
5000027
5000028
5000029
5000030
5000031
5000032
5000033
5000034
5000035
5000036
5000037
5000038
5000039
5000040
5000041
5000042
5000043
5000044
5000045
5000046
5000047
5000048
5000049
5000050
5000051
5000052
5000053
5000054
5000055
5000056
5000057
5000058
5000059
5000060
5000061
5000062
5000063
5000064
5000065
5000066
5000067
5000068
5000069
5000070
5000071
5000072
5000073
5000074
5000075
5000076
5000077
5000078
5000079
5000080
5000081
5000082
5000083
5000084
5000085
5000086
5034090
5034091
5034092
5034093
5034094
5034095
5034096
5034097
5034098
5034099
5034100
5034101
5034102
5034103
5034104
5034105
5034106
5034107
5004087
5004088
5004089
5004090
5004091
5016070
5016071
5016072
5016073
5016074
5032089
5032090
5032091
5032092
5032093
5050117
5050118
5050119
5050120
5050121
5052107
5052108
5052109
5052110
5052111
5060111
5060112
5060113
5060114
5060115