2500032
2500017
2502005
2502006
2500016
2501001
2500013
2502001
2502002
2500012
2501018
2501019
2500015
2502003
2502004
2500014
2501020
2501021
2500043
2500044
2500052
2501068
2501098
2502025
4200071
4200073
4200075
4200077
4200079
4200081
4200083
4200085
4200087
4200089
4200091
4200093
4200095
4200097
4200099
4200101
4200115
4201015
4201017
4201019
4201021
4201023
4201025
4201027
4201029
4201030
4201031
4201032
4201033
4201034
4201035
4201036
4201037
4201038
4201039
4201040
4201041
4201042
4201043
4201044
2501015
4200053
2500001
2500002
2500003
2500004
2500005
2500006
2500007
2500008
2500009
2500010
2500011
2502009
2502010
2502011
2502012
2502013
2502014
2502015
2502016
2502017
2502018
2501005
2501006
2501007
2501008
2501009
2501010
2501011
2501012
2501013
2501014
2500021
2500022
2501035
2501036
2502029
2502030
4200033
4200034
4200035
4200036
4200037
4200038
4200039
4200040
4200041
4200042
4200103
4200104
4200105
4200106
4200107
4200108
2500018
2500019
2500020
2501002
2501003
2501016
2501017
2502007
2502008
2502021
2502022
2500033
2500034
2500035
2500036
2500037
2500038
2500039
2500040
2500041
2500042